Task7aF: 0.88441145281
Task7aP: 0.894849785408
Task7aR: 0.874213836478
