Task7aF: 0.830225711482
Task7aP: 0.780442804428
Task7aR: 0.88679245283
