Task7aF: 0.838983050847
Task7aP: 0.847965738758
Task7aR: 0.830188679245
