Task7aF: 0.624512099922
Task7aP: 0.497512437811
Task7aR: 0.83857442348
