Task7aF: 0.907709011944
Task7aP: 0.941441441441
Task7aR: 0.876310272537
