Task7aF: 0.686679174484
Task7aP: 0.621392190153
Task7aR: 0.767295597484
