Task7aF: 0.840975609756
Task7aP: 0.786496350365
Task7aR: 0.9035639413
